ChassisSim Tyre Summary File
1

Peak slip angle (deg)	9.880027
Peak slip angle (pct)	17.243900

TC Radius (Max lateral force) Load temp carpet map
kgf - deg K	293.149994	303.149994	313.149994	323.149994	333.149994	343.149994	353.149994	363.149994	373.149994	383.149994
0.000000	0.000000	0.000000	0.000000	0.000000	0.000000	0.000000	0.000000	0.000000	0.000000	0.000000
52.631583	123.061229	123.061229	123.061229	123.061229	123.061229	123.061229	123.061229	123.061229	123.061229	123.061229
105.263165	242.244907	242.244907	242.244907	242.244907	242.244907	242.244907	242.244907	242.244907	242.244907	242.244907
157.894742	354.897973	354.897973	354.897973	354.897973	354.897973	354.897973	354.897973	354.897973	354.897973	354.897973
210.526331	461.836753	461.836753	461.836753	461.836753	461.836753	461.836753	461.836753	461.836753	461.836753	461.836753
263.157895	563.979614	563.979614	563.979614	563.979614	563.979614	563.979614	563.979614	563.979614	563.979614	563.979614
315.789483	662.244924	662.244924	662.244924	662.244924	662.244924	662.244924	662.244924	662.244924	662.244924	662.244924
368.421047	751.326560	751.326560	751.326560	751.326560	751.326560	751.326560	751.326560	751.326560	751.326560	751.326560
421.052661	840.000033	840.000033	840.000033	840.000033	840.000033	840.000033	840.000033	840.000033	840.000033	840.000033
473.684250	920.204118	920.204118	920.204118	920.204118	920.204118	920.204118	920.204118	920.204118	920.204118	920.204118
526.315789	994.387794	994.387794	994.387794	994.387794	994.387794	994.387794	994.387794	994.387794	994.387794	994.387794
578.947378	1069.897901	1069.897901	1069.897901	1069.897901	1069.897901	1069.897901	1069.897901	1069.897901	1069.897901	1069.897901
631.578967	1134.591881	1134.591881	1134.591881	1134.591881	1134.591881	1134.591881	1134.591881	1134.591881	1134.591881	1134.591881
684.210556	1192.142904	1192.142904	1192.142904	1192.142904	1192.142904	1192.142904	1192.142904	1192.142904	1192.142904	1192.142904
736.842095	1248.265355	1248.265355	1248.265355	1248.265355	1248.265355	1248.265355	1248.265355	1248.265355	1248.265355	1248.265355
789.473684	1299.081683	1299.081683	1299.081683	1299.081683	1299.081683	1299.081683	1299.081683	1299.081683	1299.081683	1299.081683
842.105322	1340.408216	1340.408216	1340.408216	1340.408216	1340.408216	1340.408216	1340.408216	1340.408216	1340.408216	1340.408216
894.736861	1380.408217	1380.408217	1380.408217	1380.408217	1380.408217	1380.408217	1380.408217	1380.408217	1380.408217	1380.408217
947.368500	1412.448935	1412.448935	1412.448935	1412.448935	1412.448935	1412.448935	1412.448935	1412.448935	1412.448935	1412.448935
1000.000039	1443.877607	1443.877607	1443.877607	1443.877607	1443.877607	1443.877607	1443.877607	1443.877607	1443.877607	1443.877607

Traction Ellipse map
Fy [kgf]	 Fx [kgf]
-1433.048525	0.000000
-1289.743673	523.913985
-1146.438820	721.164669
-1003.133968	858.357644
-859.829115	961.552892
-716.524263	1040.911539
-573.219410	1101.597228
-429.914558	1146.578747
-286.609705	1177.656972
-143.304853	1195.916309
0.000000	1201.941114
143.304853	1195.916309
286.609705	1177.656972
429.914558	1146.578747
573.219410	1101.597228
716.524263	1040.911539
859.829115	961.552892
1003.133968	858.357644
1146.438820	721.164669
1289.743673	523.913985
1433.048525	0.000000

Normalise slip curve slip angle vs normalised slip factor
Slip angle [deg]	FFact
0.000000	0.037000
1.000000	0.270000
2.000000	0.550000
3.000000	0.800000
4.000000	0.917000
5.000000	0.976000
5.500000	0.990000
6.000000	0.998000
6.500000	1.000000
7.000000	0.999000
7.500000	0.996000
8.000000	0.992000
8.500000	0.986000
9.000000	0.981000
9.880027    1.000000
10.000000	0.969000

Fy camber properties (Force factor mult vs camber)
Neg camber [deg]	FFact
0.000000	0.632500
0.500000	0.730000
1.000000	0.812500
1.500000	0.880000
2.000000	0.932500
2.500000	0.970000
3.000000	0.992500
3.500000	1.000000
4.000000	0.992500
4.500000	0.970000

Fx camber properties (Force factor mult vs camber)
Neg camber [deg]	FFact
0.000000	1.581028
0.500000	1.363014
1.000000	1.206154
1.500000	1.085227
2.000000	0.986595
2.500000	0.902062
3.000000	0.826196
3.500000	0.755000
4.000000	0.685139
4.500000	0.613402
